123
1 8
41 7
122 10
180
000000000000000000000000000000000000000000000000000000000000000000000000000000000000000000000000000000000000000000000000000000000000000000000000000000000000000000000000000000000000000000000000000000000000000000000000000000000000000000000000000000000000000000000000000000000000000000000000000000000000000000000000000000000000000000000000000000000000000000000000000000000
000000000000000000000000000000000000000000000000000000000000000000000000000000000000000000000000000000000000000000000000000000000000000000000000000000000000000000000000000000000000000000000000000000000000000000000000000000000000000000000000000000000000000000000000000000000000000000000000000000000000000000000000000000000000000000000000000000000000000000000000000000000
000000000000000000000000000000000000000000000000000000000000000000000000000000000000000000000000000000000000000000000000000000000000000000000000000000000000000000000000000000000000000000000000000000000000000000000000000000000000000000000000000000000000000000000000000000000000000000000000000000000000000000000000000000000000000000000000000000000000000000000000000000000
000000000000000000000000000000000000000000000000000000000000000000000000000000000000000000000000000000000000000000000000000000000000000000000000000000000000000000000000000000000000000000000000000000000000000000000000000000000000000000000000000000000000000000000000000000000000000000000000000000000000000000000000000000000000000000000000000000000000000000000000000000000
000000000000000000000000000000000000000000000000000000000000000000000000000000000000000000000000000000000000000000000000000000000000000000000000000000000000000000000000000000000000000000000000000000000000000000000000000000000000000000000000000000000000000000000000000000000000000000000000000000000000000000000000000000000000000000000000000000000000000000000000000000000
000000000000000000000000000000000000000000000000000000000000000000000000000000000000000000000000000000000000000000000000000000000000000000000000000000000000000000000000000000000000000000000000000000000000000000600600600000000000000000000000000000000000000000000000000000000000000000000000000000000000000000000000000000000000000000000000000000000000000000000000000000000
000000000000000000000000000000000000000000000000000000000000000000000000000000000000000000000000000000000000000000000000000000000000000000000000000000000000000000000000000000000000000000000000000000000000000000100100100000000000000000000000000000000000000000000000000000000000000000000000000000000000000000000000000000000000000000000000000000000000000000000000000000000
000000000000000000000000000000000000000000000000000000000000000000000000000000000000000000000000000000000000000000000000000000000000000000000000000000000000000000000000000000000000000000000000000600600600000000000000000000000000000000000000000000000000000000000000000000000000000000000000000000000000000000000000000000000000000000000000000000000000000000000000000000000
000000000000000000000000000000000000000000000000000000000000000000000000000000000000000000000000000000000000000000000000000000000000000000000000000000000000000000000000000000000000000000000000000100100100000000000000000000000000000000000000000000000000000000000000000000000000000000000000000000000600600600000000000000000000000000000000000000000000000000000000000000000
000000000000000000000000000000000000000000000000000100100100100100000000000000000000000000000000000000000000000000000000000000000000000000000000000000000000000000000100100000000000000000000000000000000000000000000500000000000000000000100100100100100000000000000000000000000000000000000000000000100100100100100000000600600000000000600000000000000000000000000000000000000
000000000000000000000000000000000000000000000000000100100100100100000000000000000000000000000000000000000600600000000000000000000000000000000000000000000000000000100100100000000000000000000000000000000000000000000000000000000000000000100100100100100000000000000000000000000000000000000000100100100100100100100000000100100100000100100100000000000000000000000000000000000
000000000000000000000000000000000000000000000100100100100100100100100100000000000000000000000000000000000000000000000000000200200000000000000000200200000000000100100100100000500000000100100000000000000000000000000000000000000100100100100100100100100000000000000200200000000000000000000100100100100100100100100000000000000000000000000000000000000000000000000000000000000
100100100100100100100100100100100100100100100100100100100100100100100100100100100100100100500000100100100500000100100100100100100100100100100100100100100100100100100100100000000000000100100100100100100100100100100100100100100100100100100100100100100000000000000100100100100100100100100100100100100100100100100100100100100100100100100000000100100100100100100100100100100
